0 71.251
1 86.239
2 77.197
3 60.919
4 58.658
5 59.911
6 54.571
7 62.585
8 80.907
9 72.196
10 56.050
11 76.805
12 50.927
13 77.964
14 60.169
15 84.351
16 62.080
17 84.844
18 87.029
19 69.333
20 85.374
21 61.705
22 79.492
23 62.596
24 59.612
25 86.707
26 73.549
27 65.665
28 51.135
29 76.661
30 80.720
31 50.245
32 89.232
33 68.155
34 63.244
35 75.986
36 57.416
37 72.374
38 70.854
39 84.533
40 67.402
41 61.021
42 55.561
43 59.812
44 86.924
45 72.726
46 72.822
47 73.787
48 68.089
49 72.367
50 71.767
51 51.025
52 53.246
53 89.069
54 87.939
55 69.951
56 73.940
57 73.846
58 73.893
59 55.524
60 80.884
61 85.794
62 86.367
63 87.163
64 54.744
65 70.614
66 59.701
67 63.468
68 80.634
69 71.541
70 60.431
71 71.623
72 86.906
73 77.276
74 86.787
75 59.077
76 70.620
77 52.260
78 75.071
79 80.879
80 83.498
81 72.681
82 64.689
83 60.801
84 71.759
85 77.482
86 74.561
87 74.095
88 67.159
89 89.613
90 74.295
91 59.222
92 77.835
93 68.300
94 68.504
95 63.454
96 58.591
97 65.276
98 52.832
99 63.504
100 82.433
101 52.317
102 82.969
103 51.733
104 66.996
105 67.041
106 66.499
107 71.852
108 69.980
109 62.001
110 54.943
111 66.340
112 78.424
113 60.662
114 62.346
115 80.103
116 61.219
117 54.719
118 55.274
119 79.387
120 62.830
121 50.496
122 72.352
123 52.856
124 57.212
125 79.640
126 70.709
127 51.088
128 62.649
129 80.593
130 83.118
131 72.892
132 89.456
133 67.269
134 89.915
135 75.877
136 70.806
137 71.777
138 79.270
139 59.915
140 63.103
141 81.231
142 62.096
143 81.664
144 80.459
145 69.704
146 88.675
147 88.900
148 73.087
149 78.454
150 71.198
151 78.859
152 79.904
153 89.438
154 54.426
155 71.079
156 64.561
157 54.412
158 55.500
159 87.156
160 58.560
161 83.468
162 77.788
163 83.702
164 75.191
165 83.523
166 52.364
167 89.339
168 82.569
169 53.766
170 58.877
171 77.781
172 79.734
173 80.504
174 73.573
175 81.271
176 65.212
177 84.362
178 58.151
179 78.236
180 83.671
181 53.369
182 52.150
183 66.033
184 67.552
185 82.126
186 73.092
187 63.884
188 83.721
189 72.157
190 65.784
191 65.359
192 86.808
193 64.032
194 78.077
195 55.031
196 67.146
197 69.366
198 84.542
199 78.482
200 67.336
201 66.634
202 64.301
203 65.146
204 58.598
205 60.328
206 54.947
207 58.163
208 89.227
209 62.480
210 50.463
211 78.191
212 66.799
213 62.613
214 54.228
215 85.255
216 80.424
217 84.681
218 58.649
219 82.787
220 61.713
221 89.233
222 68.748
223 50.502
224 64.260
225 80.762
226 83.768
227 71.934
228 54.385
229 59.847
230 59.841
231 73.285
232 57.975
233 76.015
234 73.434
235 83.406
236 76.400
237 54.742
238 80.376
239 70.607
240 75.670
241 88.477
242 77.247
243 51.267
244 62.286
245 76.980
246 87.865
247 50.895
248 66.291
249 70.566
250 61.162
251 62.860
252 79.467
253 61.378
254 51.256
255 75.894
256 89.232
257 88.037
258 52.526
259 68.939
260 72.164
261 81.263
262 86.038
263 62.657
264 84.899
265 53.601
266 72.516
267 72.132
268 80.442
269 57.746
270 77.493
271 74.176
272 76.177
273 85.584
274 52.321
275 54.958
276 61.036
277 60.917
278 68.648
279 89.621
280 52.313
281 53.099
282 85.665
283 74.350
284 65.364
285 57.330
286 61.442
287 65.648
288 73.207
289 80.639
290 66.238
291 57.651
292 76.415
293 63.215
294 87.855
295 69.576
296 59.787
297 57.336
298 56.011
299 72.400
300 56.235
301 55.109
302 84.502
303 74.268
304 72.322
305 84.620
306 51.147
307 83.449
308 83.251
309 58.908
310 54.447
311 76.984
312 68.548
313 52.762
314 55.430
315 78.403
316 78.174
317 82.576
318 68.641
319 88.739
320 52.488
321 67.067
322 71.875
323 84.921
324 70.954
325 54.934
326 51.672
327 75.692
328 52.621
329 70.208
330 79.353
331 77.303
332 52.890
333 81.382
334 70.891
335 80.076
336 88.094
337 72.846
338 60.999
339 83.722
340 56.081
341 75.448
342 58.257
343 87.096
344 70.355
345 71.694
346 51.330
347 53.491
348 56.165
349 54.133
350 79.221
351 87.841
352 62.449
353 66.170
354 56.527
355 85.540
356 83.027
357 76.997
358 88.184
359 89.066
360 86.475
361 67.533
362 72.516
363 82.329
364 66.546
365 52.822
366 76.628
367 60.969
368 75.225
369 78.498
370 70.785
371 79.778
372 87.286
373 81.189
374 50.184
375 76.752
376 89.496
377 60.192
378 61.467
379 80.874
380 61.571
381 54.762
382 86.095
383 52.065
384 84.279
385 84.275
386 50.781
387 74.267
388 87.445
389 75.850
390 83.989
391 66.731
392 76.277
393 77.914
394 53.792
395 78.169
396 62.966
397 80.075
398 58.966
399 67.633
400 76.653
401 85.146
402 86.355
403 82.033
404 73.976
405 84.125
406 76.212
407 73.655
408 89.537
409 79.676
410 79.994
411 61.476
412 63.845
413 65.947
414 57.207
415 50.480
416 72.064
417 73.756
418 51.856
419 83.571
420 84.738
421 79.017
422 81.369
423 53.924
424 57.632
425 85.776
426 66.519
427 61.308
428 82.739
429 76.943
430 62.434
431 89.396
432 79.786
433 55.867
434 59.458
435 65.779
436 56.460
437 57.132
438 61.427
439 59.360
440 60.389
441 75.679
442 69.368
443 87.349
444 87.090
445 60.747
446 65.331
447 82.744
448 70.463
449 57.963
450 81.174
451 73.020
452 87.831
453 54.606
454 87.982
455 69.305
456 85.806
457 70.835
458 67.931
459 85.949
460 69.524
461 61.931
462 74.942
463 50.220
464 75.700
465 78.106
466 77.313
467 89.438
468 54.792
469 66.819
470 83.504
471 69.989
472 74.234
473 81.414
474 76.663
475 55.032
476 84.789
477 78.670
478 57.367
479 87.801
480 71.073
481 52.103
482 53.361
483 72.686
484 82.673
485 81.578
486 66.694
487 83.619
488 60.842
489 65.912
490 78.564
491 87.501
492 55.433
493 87.964
494 63.654
495 52.352
496 86.771
497 57.409
498 87.464
499 74.622
500 86.321
501 79.452
502 81.555
503 74.943
504 63.916
505 85.285
506 88.590
507 75.457
508 54.085
509 70.066
510 72.455
511 64.842
512 75.906
513 52.122
514 88.827
515 58.887
516 86.999
517 56.825
518 82.645
519 88.839
520 73.138
521 86.539
522 80.956
523 83.272
524 53.650
525 75.635
526 55.062
527 83.709
528 58.612
529 88.901
530 89.142
531 51.477
532 77.585
533 62.412
534 67.064
535 69.500
536 71.125
537 70.455
538 55.966
539 52.316
540 86.173
541 63.310
542 84.828
543 60.212
544 59.754
545 60.557
546 86.452
547 52.812
548 84.833
549 66.816
550 73.941
551 81.933
552 85.777
553 54.709
554 70.101
555 51.250
556 66.183
557 79.962
558 83.256
559 58.860
560 51.219
561 85.067
562 87.410
563 81.752
564 79.136
565 64.946
566 72.770
567 63.422
568 51.553
569 56.955
570 65.967
571 80.622
572 69.080
573 88.427
574 86.369
575 88.330
576 71.615
577 66.357
578 77.929
579 63.021
580 53.568
581 86.095
582 68.410
583 67.504
584 83.998
585 74.691
586 52.441
587 63.457
588 84.052
589 55.223
590 66.589
591 64.063
592 75.433
593 50.035
594 51.024
595 60.115
596 80.080
597 79.538
598 76.677
599 64.835
600 79.607
601 54.287
602 84.803
603 63.498
604 83.085
605 78.745
606 79.728
607 79.199
608 79.048
609 82.071
610 50.211
611 86.409
612 66.958
613 53.886
614 59.022
615 55.151
616 67.792
617 61.933
618 53.757
619 57.711
620 58.545
621 79.569
622 72.188
623 86.999
624 70.956
625 89.617
626 70.916
627 79.586
628 68.164
629 80.834
630 70.011
631 54.716
632 60.064
633 63.409
634 64.015
635 66.200
636 77.989
637 68.515
638 76.496
639 77.369
640 61.566
641 69.486
642 64.317
643 89.891
644 76.534
645 67.075
646 52.110
647 76.367
648 70.705
649 52.363
650 76.667
651 84.859
652 89.486
653 88.026
654 82.614
655 65.133
656 78.676
657 83.684
658 65.456
659 52.154
660 68.153
661 80.080
662 59.007
663 56.079
664 61.892
665 57.991
666 73.715
667 77.911
668 63.620
669 51.596
670 82.259
671 83.741
672 67.221
673 66.052
674 76.620
675 67.444
676 65.279
677 58.690
678 86.974
679 60.620
680 65.064
681 81.141
682 86.705
683 73.428
684 79.630
685 56.680
686 88.106
687 65.468
688 66.365
689 56.185
690 75.812
691 66.682
692 73.336
693 74.884
694 51.713
695 53.600
696 86.099
697 63.411
698 72.516
699 53.060
700 60.560
701 51.987
702 81.913
703 67.365
704 80.416
705 85.216
706 85.454
707 86.857
708 72.433
709 88.120
710 87.159
711 61.766
